x
-0.334726453474872
0.52888488487491
1.44974323616146
0.493044298354997
-0.793128606164055
-0.319311588496271
0.808920386281038
1.15071504108474
-0.399160868272005
-0.141188451036488
-0.0389910852868531
0.51178472039704
0.141285824082214
-1.4069365255052
0.601767715408696
-0.837172408575584
-0.393633914770745
0.851446201858596
0.647167377418252
2.6500877888616
1.09992686437536
-0.0608674340026282
0.166928690198086
-0.525620669580824
0.648624955289479
0.301030223769584
-0.0209166410760442
0.436814155518143
-1.85055640961545
2.16737061438912
-0.00837258750714242
1.2660181450418
-0.661132830666101
-0.148080839905717
-0.254481146149922
-0.270622228059149
2.28159897572257
0.732824738330569
2.77025568566111
0.220657512922774
-0.733678880073808
-0.382708061448259
0.334212100244316
1.36906075869864
-0.161372835456155
2.11030137369633
-1.14122985803672
-2.51981561563601
1.23861641796484
1.75058263377317
