SNPID beta gamma gamma2
10:66627_TAAAC_T 0.003421163 -0.00044319963 0.662671229020059
10:71517_C_T 0.0025678978 -0.00044803003 -1.2309033762464
10:73850_T_C 0.0025854743 -0.00033793982 -0.593225045722206
10:75803_T_C 0.0021992957 0.0005523939 -0.367066028095423
10:82691_A_G 0.0027081619 -0.00029358033 0.00888965946086652
10:94545_C_T 0.0016526888 0.00079723337 -0.275257447518153
10:95429_C_CA 0.002591414 -0.00082990892 -1.27873727297047
10:97695_C_G 0.0023323286 0.00036712454 -0.708017132449291
10:99807_T_C 0.014603528 0.0011191242 1.24276309516636
10:107949_G_C -0.0036256278 -0.0038234621 0.192656807084941
10:115743_G_A 0.014836291 0.0018110483 -0.820235724093787
10:118532_G_A -0.005165592 -0.0015940621 -0.420017510107659
rs11253280 -0.0091292773 0.00029843437 0.827192303918729
10:126237_G_A -0.0042202837 0.002243008 0.0507527874782264
10:128168_C_T -0.0050521924 -0.0015287981 -1.85276867837901
rs116874274 -0.0037482748 0.0017026197 -0.189196977705607
10:137306_G_C -0.0042613041 0.0022539473 0.00085411811855205
10:142123_G_A 0.014109758 0.0011423735 0.809363700030748
10:159411_T_C -0.0043513585 0.0016803387 -1.15645711477741
10:167917_C_T 0.0015810315 -0.0017556476 -0.473655351453984
