V1
0.785198212030373
1.03354910852313
0.607928616764068
-0.542824413439188
-0.382829288333859
-0.234402687394814
-0.522911286305058
-0.0259929916599267
1.17445229201043
-0.914391417271411
-0.358989190807882
1.2838309458204
-1.16876295145537
0.0283153477272675
1.57271071269184
1.64488850566963
0.263340675679315
0.525850884217244
-0.0742259111351328
-0.699163835052258
1.7998072421529
-0.872574687758113
0.0896910868859474
-1.29503197988001
0.306087975410825
-0.873801558800315
-2.06506460566759
0.352570883487608
-0.226188485580389
-0.520304924829539
-1.89689388168284
0.196143858527747
-1.16636748190665
-0.363077470153474
-0.424392930546348
1.94513299199474
-0.392256956111266
0.210641209078598
0.69116079337527
-0.758062116642536
-0.442395286252492
-0.689294996155695
0.08426159947634
-0.298761461143492
-1.57026095250465
0.910830836320043
-0.924134757538986
0.377587959932539
0.671050460617486
0.91853217918261
